17/05/12 18:37
プロジェクトの翻訳状況

            	 分節数	  単語数	文字数（空白を除く）	文字数（空白を含む）	ファイル数	
合計：         	6470	81743	    459568	    535078	    4	
未翻訳：        	4039	48287	    274085	    318619	    4	
繰り返しを除いた：   	3285	51693	    289133	    337342	    3	
繰り返しを除いた未翻訳：	2250	35825	    201559	    234960	    3	


ファイルごとの翻訳状況：

ファイル名                                              	すべての分節数	未翻訳分節数	繰り返しを除いた分節数	繰り返しを除いた未翻訳分節数	すべての単語数	未翻訳単語数	繰り返しを除いた単語数	繰り返しを除いた未翻訳単語数	すべての文字数（空白を除く）	未翻訳文字数（空白を除く）	繰り返しを除いた文字数（空白を除く）	繰り返しを除いた未翻訳文字数（空白を除く）	すべての文字数（空白を含む）	未翻訳文字数（空白を含む）	繰り返しを除いた文字数（空白を含む）	繰り返しを除いた未翻訳文字数（空白を含む）	
Open_Source_Compliance_in_the_Enterprise_2016-1.txt	   1120	   939	        971	           797	  13562	 11031	      13476	         10959	         76961	        63212	             76393	                62686	         89496	        73376	             88867	                72803	
Open_Source_Compliance_in_the_Enterprise_2016-2.txt	   1112	   221	        898	            37	  13687	   218	      13517	           166	         76383	         1719	             75209	                 1342	         89023	         1822	             87762	                 1444	
Open_Source_Compliance_in_the_Enterprise_2016.docx 	   2006	  1719	       1416	          1416	  27245	 25789	      24700	         24700	        152880	       144223	            137531	               137531	        178040	       168223	            160713	               160713	
Open_Source_Compliance_in_the_Enterprise_2016.txt  	   2232	  1160	          0	             0	  27249	 11249	          0	             0	        153344	        64931	                 0	                    0	        178519	        75198	                 0	                    0	
